"vsl_id","rounded_milemarker","calculated_milemarker","latitude","longitude"
21,63.8,63.76,"e",-86.60511
22,64.3,64.26,"e",-86.59806
23,64.8,64.73,"e",-86.59135
24,65.1,65.13,"e",-86.58568
25,65.6,65.59,"e",-86.57946
26,66.3,66.24,"e",-86.57228
27,66.7,66.65,"e",-86.56878
28,67.1,67.07,"e",-86.56514
29,67.5,67.46,"e",-86.56126
30,68.1,68.1,"e",-86.55374
31,68.6,68.6,"e",-86.54801
32,69.1,69.08,"e",-86.54234
33,69.6,69.57,"e",-86.53655
1,53.2,53.17,"e",-86.72558
2,54,53.96,"e",-86.71921
3,54.7,54.7,"e",-86.71026
4,55.2,55.18,"e",-86.70546
5,55.7,55.7,"e",-86.70058
6,56.4,56.36,"e",-86.69515
7,56.9,56.92,"e",-86.69058
8,57.5,57.47,"e",-86.68428
9,58,58.02,"e",-86.67804
10,58.3,58.32,"e",-86.67447
11,58.8,58.79,"e",-86.66806
12,59.3,59.27,"e",-86.66115
13,59.7,59.72,"e",-86.65458
14,60.3,60.31,"e",-86.64645
15,60.8,60.78,"e",-86.64079
16,61.3,61.34,"e",-86.63457
17,61.8,61.9,"e",-86.62858
18,62.5,62.49,"e",-86.6213
19,62.9,62.86,"e",-86.61667
20,63.4,63.38,"e",-86.61008
64,65.3,65.27,"w",-86.58337
65,65.8,65.79,"w",-86.57674
67,66.4,66.41,"w",-86.57026
66,67,67.02,"w",-86.56512
68,67.6,67.63,"w",-86.55869
69,68.3,68.29,"w",-86.55099
70,68.9,68.99,"w",-86.54288
71,69.5,69.54,"w",-86.53618
72,69.9,69.96,"w",-86.53119
73,70.3,70.33,"w",-86.52673
41,53.2,53.19,"w",-86.72496
42,53.7,53.72,"w",-86.72118
43,54,53.99,"w",-86.71855
44,54.4,54.34,"w",-86.7139
45,54.9,54.91,"w",-86.7078
46,55.3,55.33,"w",-86.70363
47,55.7,55.77,"w",-86.69947
48,56.2,56.21,"w",-86.696
49,56.7,56.72,"w",-86.69182
56,57.1,57.11,"w",-86.6881
50,57.5,57.5,"w",-86.68372
51,58.2,58.18,"w",-86.67583
52,58.9,58.96,"w",-86.66547
53,59.4,59.44,"w",-86.65842
74,60.1,60.13,"w",-86.64839
54,60.6,60.65,"w",-86.64209
55,61.2,61.25,"w",-86.63521
57,61.8,61.89,"w",-86.6284
58,62.4,62.36,"w",-86.62259
59,62.8,62.79,"w",-86.61704
60,63.3,63.27,"w",-86.611
61,63.9,63.86,"w",-86.60349
62,64.4,64.39,"w",-86.59602
63,64.8,64.82,"w",-86.58986
